(
REF_NM_000797.4:0.79106,
LC812900.1:0.03533,
LC812899.1:-0.00861);
